mirzaei@haas034:~/sam/result/Aggregate/ACORN_CALIBRATED_EXPERIMENT/C-CO12_random_tau0.05_20261005_073410_479485$ cat results.csv 
seed,arm,threat,budget,valid_mean_r2,mean_abs_delta_over_std,valid_r2_output_0,valid_r2_output_1,valid_r2_output_2,valid_r2_output_3,valid_r2_output_4,valid_r2_output_5
42,clean,clean,-,0.6946222682793936,0.0,0.7806835174560547,0.7766687870025635,0.7672451138496399,0.7526352405548096,0.6105632781982422,0.47993767261505127
42,clean,constant,0.6905,-3.1836556593577066,0.6827718615531921,-1.6511211395263672,-1.3872859477996826,-4.51731538772583,-6.960714340209961,-2.503378391265869,-2.0821187496185303
42,clean,noise,1.205,-3.1435059706370034,0.5504723191261292,-1.6789679527282715,-1.366037130355835,-4.525608539581299,-6.671262264251709,-2.4901793003082275,-2.1289806365966797
42,clean,gain,0.4994,-0.8938117623329163,0.2775353789329529,-1.0923349857330322,-0.6033871173858643,-0.8622211217880249,-0.8345993757247925,-0.9980208873748779,-0.9723070859909058
42,clean,baseline,0.6537,-1.5840306083361309,0.48241370916366577,-1.4456491470336914,-1.2958910465240479,-1.9266936779022217,-2.7859854698181152,-0.9067574739456177,-1.1432068347930908
42,clean,gain_baseline,0.3541/0.4635,-2.241447647412618,0.4422720968723297,-1.6695983409881592,-1.4742357730865479,-3.1049418449401855,-4.113813877105713,-1.5777099132537842,-1.5083861351013184
42,constant,clean,-,0.6940039992332458,0.0,0.7466771602630615,0.7563310861587524,0.7925930023193359,0.7984535098075867,0.597172200679779,0.4727970361709595
42,constant,constant,0.6905,-2.1146501898765564,0.6574085354804993,-1.3913171291351318,-0.8010116815567017,-1.900895118713379,-3.6252307891845703,-2.7325258255004883,-2.2369205951690674
42,constant,noise,1.205,-2.8532462120056152,0.5292425751686096,-2.181684970855713,-1.0694284439086914,-3.355990409851074,-5.616410732269287,-2.799388885498047,-2.096573829650879
42,constant,gain,0.4994,-1.104933738708496,0.2784966826438904,-1.2938525676727295,-0.8334553241729736,-1.043036699295044,-1.46342134475708,-0.9110274314880371,-1.0848090648651123
42,constant,baseline,0.6537,-1.1795030037562053,0.4441315531730652,-1.2058532238006592,-1.086272954940796,-1.3903956413269043,-2.111774206161499,-0.5451352596282959,-0.7375867366790771
42,constant,gain_baseline,0.3541/0.4635,-1.870224396387736,0.4150933623313904,-1.8104267120361328,-1.3598713874816895,-2.5833497047424316,-3.2673087120056152,-1.1376054286956787,-1.0627844333648682
42,noise,clean,-,0.6849331359068552,0.0,0.7641478776931763,0.7474677562713623,0.7788193821907043,0.7651394605636597,0.5893338918685913,0.4646904468536377
42,noise,constant,0.6905,-1.8059857686360676,0.6378713250160217,-0.8567452430725098,-1.0528764724731445,-0.90126633644104,-2.9207797050476074,-3.0537500381469727,-2.050496816635132
42,noise,noise,1.205,-1.9484738906224568,0.5147813558578491,-0.9919068813323975,-1.1651268005371094,-1.064749002456665,-3.106266498565674,-3.227534770965576,-2.1352593898773193
42,noise,gain,0.4994,-0.4316474397977193,0.23631882667541504,-0.45633721351623535,-0.5179418325424194,-0.2550208568572998,-0.41279137134552,-0.4104408025741577,-0.5373525619506836
42,noise,baseline,0.6537,-0.5899244546890259,0.42590487003326416,-0.5440607070922852,-0.7890220880508423,-0.5395522117614746,-0.9098875522613525,-0.35588836669921875,-0.40113580226898193
42,noise,gain_baseline,0.3541/0.4635,-0.8848561843236288,0.3742217421531677,-0.8065363168716431,-1.0567660331726074,-0.8743764162063599,-1.2848036289215088,-0.667015552520752,-0.6196391582489014
42,gain,clean,-,0.6714807748794556,0.0,0.7008060216903687,0.6575244665145874,0.797777533531189,0.8023930191993713,0.6032434701919556,0.4671401381492615
42,gain,constant,0.6905,-2.9887271722157798,0.7076197862625122,-1.587548017501831,-2.597017765045166,-3.45367431640625,-6.201969146728516,-2.1220529079437256,-1.9701008796691895
42,gain,noise,1.205,-2.9342212677001953,0.5686090588569641,-1.5954413414001465,-2.598971366882324,-3.434131622314453,-5.909317493438721,-2.074622631072998,-1.9928431510925293
42,gain,gain,0.4994,0.5625523626804352,0.32498234510421753,0.5458365082740784,0.49805665016174316,0.7348493337631226,0.7155072689056396,0.5262451171875,0.35481929779052734
42,gain,baseline,0.6537,-0.9307058850924174,0.5007593631744385,-0.9653892517089844,-0.7124946117401123,-1.0010931491851807,-1.424586296081543,-0.6380801200866699,-0.8425918817520142
42,gain,gain_baseline,0.3541/0.4635,-0.8812478383382162,0.46694788336753845,-0.8519316911697388,-0.6713887453079224,-0.9794151782989502,-1.3345146179199219,-0.6014081239700317,-0.8488286733627319
42,baseline,clean,-,0.6856835683186849,0.0,0.7410504817962646,0.7697538137435913,0.7585716247558594,0.7803539037704468,0.5962401628494263,0.468131422996521
42,baseline,constant,0.6905,-3.6768439610799155,0.6738491654396057,-1.5603418350219727,-2.1164610385894775,-4.3507890701293945,-10.509060859680176,-2.0906598567962646,-1.433751106262207
42,baseline,noise,1.205,-3.5715028842290244,0.543315052986145,-1.5506668090820312,-2.0634541511535645,-4.147052764892578,-9.971454620361328,-2.1595871448516846,-1.536801815032959
42,baseline,gain,0.4994,-0.10050313671429952,0.3019338548183441,-0.09974193572998047,-0.1220172643661499,0.13583999872207642,-0.027565836906433105,-0.16196656227111816,-0.3275672197341919
42,baseline,baseline,0.6537,0.6622661749521891,0.6338050365447998,0.7067627310752869,0.7309136390686035,0.7425500154495239,0.7623308897018433,0.5792094469070435,0.45183032751083374
42,baseline,gain_baseline,0.3541/0.4635,0.21600106358528137,0.5048862099647522,0.22241735458374023,0.17907625436782837,0.39835911989212036,0.3169397711753845,0.1769006848335266,0.0023131966590881348
42,gain_baseline,clean,-,0.6804035305976868,0.0,0.7336623668670654,0.7146135568618774,0.7854489684104919,0.7809027433395386,0.5999811887741089,0.46781235933303833
42,gain_baseline,constant,0.6905,-3.480902075767517,0.7147426009178162,-2.0227115154266357,-2.9236960411071777,-3.9756031036376953,-8.669949531555176,-1.832310676574707,-1.461141586303711
42,gain_baseline,noise,1.205,-3.597826361656189,0.5682445764541626,-2.0484023094177246,-2.92732310295105,-4.099493026733398,-9.314610481262207,-1.7828645706176758,-1.4142646789550781
42,gain_baseline,gain,0.4994,0.4771585861841838,0.32174575328826904,0.5356866121292114,0.41348326206207275,0.6656121015548706,0.5565694570541382,0.436260461807251,0.2553396224975586
42,gain_baseline,baseline,0.6537,0.6350140372912089,0.6227290630340576,0.678632378578186,0.6190536022186279,0.7610918283462524,0.7431721687316895,0.5727689266204834,0.43536531925201416
42,gain_baseline,gain_baseline,0.3541/0.4635,0.5028786063194275,0.5215644240379333,0.5554605722427368,0.42591363191604614,0.6808925867080688,0.5923357009887695,0.46805477142333984,0.29461437463760376
43,clean,clean,-,0.691607803106308,0.0,0.7443969249725342,0.7698695659637451,0.7808746099472046,0.7749164700508118,0.6062518358230591,0.47333741188049316
43,clean,constant,0.6905,-3.2101075649261475,0.680277943611145,-1.3105947971343994,-2.1488146781921387,-3.2833924293518066,-8.093781471252441,-2.5025315284729004,-1.9215304851531982
43,clean,noise,1.205,-3.164595603942871,0.5486628413200378,-1.3446860313415527,-2.0421693325042725,-3.30845308303833,-7.784909248352051,-2.543353319168091,-1.9640026092529297
43,clean,gain,0.4994,-0.8093637029329935,0.2815035283565521,-1.0937602519989014,-0.7965784072875977,-0.5687180757522583,-0.7674896717071533,-0.8076649904251099,-0.8219708204269409
43,clean,baseline,0.6537,-1.4341488877932231,0.4847380518913269,-1.5487120151519775,-1.4666996002197266,-1.4600818157196045,-2.409705400466919,-0.7437866926193237,-0.9759078025817871
43,clean,gain_baseline,0.3541/0.4635,-2.10837721824646,0.4486270844936371,-1.7728092670440674,-1.7902917861938477,-2.388120651245117,-3.853152275085449,-1.4760208129882812,-1.369868516921997
43,constant,clean,-,0.6983180542786916,0.0,0.762600302696228,0.7627146244049072,0.7998533844947815,0.790386974811554,0.5992230176925659,0.47513002157211304
43,constant,constant,0.6905,-2.3688178857167563,0.6660022735595703,-0.8049441576004028,-1.415147066116333,-0.9810918569564819,-5.876544952392578,-2.6649680137634277,-2.4702112674713135
43,constant,noise,1.205,-3.2448025941848755,0.5360682010650635,-1.1351125240325928,-2.1557812690734863,-1.9159293174743652,-9.28365421295166,-2.7374701499938965,-2.240868091583252
43,constant,gain,0.4994,-1.0737433632214863,0.2833491563796997,-0.8870775699615479,-0.6899222135543823,-0.854060173034668,-1.908003807067871,-1.048675298690796,-1.0547211170196533
43,constant,baseline,0.6537,-1.5338398218154907,0.4597001373767853,-0.9488614797592163,-1.3816261291503906,-1.5508673191070557,-3.8737173080444336,-0.6223556995391846,-0.8256109952926636
43,constant,gain_baseline,0.3541/0.4635,-2.242200414339701,0.4287988543510437,-1.1682298183441162,-1.8447926044464111,-2.1182072162628174,-6.022775650024414,-1.166189432144165,-1.1330077648162842
43,noise,clean,-,0.6868471999963125,0.0,0.7632893323898315,0.7405016422271729,0.7770460844039917,0.7840348482131958,0.5844500064849854,0.4717612862586975
43,noise,constant,0.6905,-2.155255913734436,0.6332718729972839,-0.819542407989502,-1.145064353942871,-1.700606107711792,-3.9966225624084473,-3.1250176429748535,-2.1446824073791504
43,noise,noise,1.205,-2.210020740826925,0.513792872428894,-0.9153621196746826,-1.227161169052124,-1.9495189189910889,-3.9684619903564453,-3.1074252128601074,-2.0921950340270996
43,noise,gain,0.4994,-0.5917871395746866,0.2402205616235733,-0.7675142288208008,-0.5965710878372192,-0.45050573348999023,-0.6426973342895508,-0.6045174598693848,-0.4889169931411743
43,noise,baseline,0.6537,-0.685195803642273,0.4024038314819336,-0.7678343057632446,-0.917702317237854,-0.5880014896392822,-0.9724245071411133,-0.48276543617248535,-0.3824467658996582
43,noise,gain_baseline,0.3541/0.4635,-1.0036962827046711,0.37642961740493774,-1.0949079990386963,-1.0614924430847168,-1.069077968597412,-1.4057674407958984,-0.7755392789840698,-0.6153925657272339
43,gain,clean,-,0.6922048330307007,0.0,0.7660156488418579,0.7589620351791382,0.7742415070533752,0.7845160961151123,0.6053551435470581,0.46413856744766235
43,gain,constant,0.6905,-2.46523650487264,0.7123719453811646,-1.322432041168213,-1.398294448852539,-1.8272979259490967,-5.4850945472717285,-2.637587308883667,-2.1207127571105957
43,gain,noise,1.205,-2.39830489953359,0.5726137757301331,-1.3322856426239014,-1.3890800476074219,-1.762451410293579,-5.095357894897461,-2.6470727920532227,-2.163581609725952
43,gain,gain,0.4994,0.5895103414853414,0.32099199295043945,0.6461628675460815,0.6151180267333984,0.6950695514678955,0.7035810947418213,0.518220841884613,0.3589096665382385
43,gain,baseline,0.6537,-0.72476194302241,0.5016548037528992,-0.543133020401001,-0.7606195211410522,-0.6744989156723022,-1.163698434829712,-0.39126265048980713,-0.8153591156005859
43,gain,gain_baseline,0.3541/0.4635,-0.6744138399759928,0.46496787667274475,-0.4457813501358032,-0.6903114318847656,-0.5898326635360718,-1.1155791282653809,-0.4197840690612793,-0.7851943969726562
43,baseline,clean,-,0.67878125111262,0.0,0.753860354423523,0.7440242767333984,0.756801962852478,0.7606328725814819,0.5907310247421265,0.4666370153427124
43,baseline,constant,0.6905,-3.1718615293502808,0.6678140759468079,-1.729356288909912,-1.899249792098999,-3.6495742797851562,-7.597037315368652,-2.439488172531128,-1.716463327407837
43,baseline,noise,1.205,-3.103856921195984,0.537895917892456,-1.7368137836456299,-1.8789231777191162,-3.511035919189453,-7.2359619140625,-2.4466023445129395,-1.8138043880462646
43,baseline,gain,0.4994,-0.1848735213279724,0.29415827989578247,-0.21925413608551025,-0.22120821475982666,0.030240178108215332,-0.017989277839660645,-0.23576509952545166,-0.4452645778656006
43,baseline,baseline,0.6537,0.6483637889226278,0.6317905187606812,0.7095789909362793,0.6885271072387695,0.7335386276245117,0.7385156154632568,0.5721563100814819,0.4478660821914673
43,baseline,gain_baseline,0.3541/0.4635,0.1604108214378357,0.4936215877532959,0.11468160152435303,0.1094900369644165,0.3311401605606079,0.31325966119766235,0.14096885919570923,-0.04707539081573486
43,gain_baseline,clean,-,0.6921009918053945,0.0,0.7736648321151733,0.7681959867477417,0.7772125601768494,0.7711803913116455,0.5974543690681458,0.4648978114128113
43,gain_baseline,constant,0.6905,-3.0283435583114624,0.7138639688491821,-1.7727093696594238,-2.2090659141540527,-3.1882457733154297,-6.939854145050049,-2.330634355545044,-1.7295517921447754
43,gain_baseline,noise,1.205,-3.063549836476644,0.5672401785850525,-1.7249021530151367,-2.229907751083374,-3.0786900520324707,-7.230756759643555,-2.3352668285369873,-1.7817754745483398
43,gain_baseline,gain,0.4994,0.47598767280578613,0.321249783039093,0.5010622143745422,0.5031143426895142,0.6235231161117554,0.5341764688491821,0.439011812210083,0.2550380825996399
43,gain_baseline,baseline,0.6537,0.6425920029481252,0.6223628520965576,0.6889340877532959,0.694340169429779,0.7440488338470459,0.7283651828765869,0.5682626366615295,0.4316011071205139
43,gain_baseline,gain_baseline,0.3541/0.4635,0.49895375967025757,0.5198765993118286,0.5020168423652649,0.5245261788368225,0.6385201811790466,0.5708483457565308,0.4640282988548279,0.29378271102905273
44,clean,clean,-,0.6755127410093943,0.0,0.6925104260444641,0.7163699865341187,0.7796522974967957,0.7855320572853088,0.6033319234848022,0.47567975521087646
44,clean,constant,0.6905,-3.5740566651026406,0.6800501346588135,-1.2325658798217773,-1.4912152290344238,-4.6418256759643555,-10.110461235046387,-2.306403636932373,-1.6618683338165283
44,clean,noise,1.205,-3.532676378885905,0.5475172400474548,-1.2583601474761963,-1.4956793785095215,-4.709828853607178,-9.746930122375488,-2.293271541595459,-1.691988229751587
44,clean,gain,0.4994,-0.8340495427449545,0.27661922574043274,-0.9410674571990967,-0.6387441158294678,-0.7136971950531006,-1.0863697528839111,-0.8391361236572266,-0.7852826118469238
44,clean,baseline,0.6537,-1.4553658962249756,0.47898077964782715,-1.2524595260620117,-1.1261122226715088,-1.893904685974121,-2.688434600830078,-0.8107119798660278,-0.960572361946106
44,clean,gain_baseline,0.3541/0.4635,-2.1743897199630737,0.44216036796569824,-1.414834976196289,-1.3248341083526611,-3.166447639465332,-4.3850626945495605,-1.4397046566009521,-1.3154542446136475
44,constant,clean,-,0.6516787608464559,0.0,0.7125980854034424,0.720401406288147,0.7474974989891052,0.7332327961921692,0.5600359439849854,0.43630683422088623
44,constant,constant,0.6905,-0.3990519444147746,0.9468971490859985,-0.16847479343414307,-0.36636579036712646,0.2270885705947876,-1.1904611587524414,-0.10853517055511475,-0.7875633239746094
44,constant,noise,1.205,-1.260625422000885,0.6882864832878113,-0.7913098335266113,-1.0273408889770508,-0.38211190700531006,-3.13612699508667,-0.6760725975036621,-1.5507903099060059
44,constant,gain,0.4994,-0.4102227787176768,0.2981199324131012,-0.18106138706207275,-0.55433189868927,0.03102487325668335,-0.9920684099197388,-0.062213897705078125,-0.7026859521865845
44,constant,baseline,0.6537,0.2127660115559896,0.5930126905441284,0.31959599256515503,0.15831947326660156,0.49610501527786255,0.06501388549804688,0.30993688106536865,-0.07237517833709717
44,constant,gain_baseline,0.3541/0.4635,-0.6552208065986633,0.5515833497047424,-0.45783042907714844,-0.7703453302383423,-0.2537095546722412,-1.384889841079712,-0.22520196437835693,-0.8393477201461792
44,noise,clean,-,0.7090260783831278,0.0,0.8099195957183838,0.7809072732925415,0.7994673848152161,0.793919563293457,0.5975011587142944,0.47244149446487427
44,noise,constant,0.6905,-1.4027504920959473,0.6514840126037598,-0.674657940864563,-0.8257803916931152,-0.7455941438674927,-2.64736008644104,-1.9344327449798584,-1.5886776447296143
44,noise,noise,1.205,-1.752951165040334,0.5211829543113708,-0.9342113733291626,-1.0392746925354004,-1.0676612854003906,-3.3636159896850586,-2.3146779537200928,-1.7982656955718994
44,noise,gain,0.4994,-0.6572894255320231,0.24872510135173798,-0.8689037561416626,-0.8891888856887817,-0.2704969644546509,-0.7518340349197388,-0.527019739151001,-0.6362931728363037
44,noise,baseline,0.6537,-0.7109005053838094,0.40779080986976624,-0.9144266843795776,-1.0047330856323242,-0.405525803565979,-1.0485115051269531,-0.41969478130340576,-0.4725111722946167
44,noise,gain_baseline,0.3541/0.4635,-1.0582485993703206,0.3839626908302307,-1.2446630001068115,-1.3130691051483154,-0.754958987236023,-1.574962854385376,-0.744330644607544,-0.717507004737854
44,gain,clean,-,0.6906654934088389,0.0,0.7689570784568787,0.7620782852172852,0.7598515152931213,0.7828444838523865,0.6020538806915283,0.4682077169418335
44,gain,constant,0.6905,-2.4719623724619546,0.7096370458602905,-1.2961583137512207,-1.4598441123962402,-2.579115629196167,-4.286020755767822,-2.6864426136016846,-2.5241928100585938
44,gain,noise,1.205,-2.4342279036839805,0.5705597400665283,-1.262371301651001,-1.4538640975952148,-2.5252442359924316,-4.0615410804748535,-2.710333824157715,-2.592012882232666
44,gain,gain,0.4994,0.5850767294565836,0.3228553235530853,0.6513753533363342,0.6179535984992981,0.6824010610580444,0.6957538723945618,0.5096696615219116,0.3533068299293518
44,gain,baseline,0.6537,-0.7524992624918619,0.5082046389579773,-0.6498464345932007,-0.739669680595398,-0.7719948291778564,-1.0882055759429932,-0.46580958366394043,-0.7994694709777832
44,gain,gain_baseline,0.3541/0.4635,-0.7034683426221212,0.4720918536186218,-0.5061535835266113,-0.6605486869812012,-0.7496365308761597,-0.9820734262466431,-0.4903895854949951,-0.8320082426071167
44,baseline,clean,-,0.6586938003698984,0.0,0.6818975210189819,0.6612433195114136,0.7668391466140747,0.7825113534927368,0.5954838395118713,0.4641876220703125
44,baseline,constant,0.6905,-4.611608544985454,0.6758666634559631,-1.560105323791504,-3.689467430114746,-5.905763626098633,-13.256096839904785,-1.941016435623169,-1.3172016143798828
44,baseline,noise,1.205,-4.50857142607371,0.5452552437782288,-1.5394644737243652,-3.5685834884643555,-5.7297539710998535,-12.85425853729248,-2.0204579830169678,-1.3389101028442383
44,baseline,gain,0.4994,-0.2591811815897624,0.3005039095878601,-0.09947860240936279,-0.30561363697052,0.0059604644775390625,-0.3282299041748047,-0.29605185985565186,-0.5316735506057739
44,baseline,baseline,0.6537,0.6334237456321716,0.6338050961494446,0.6503698825836182,0.6169161796569824,0.7508894801139832,0.7625004053115845,0.5758998394012451,0.44396668672561646
44,baseline,gain_baseline,0.3541/0.4635,0.12288932005564372,0.5014707446098328,0.1820981502532959,0.033564984798431396,0.34206944704055786,0.17879515886306763,0.11650830507278442,-0.1157001256942749
44,gain_baseline,clean,-,0.6919090847174326,0.0,0.7646088600158691,0.767382800579071,0.7731119394302368,0.7775733470916748,0.6037765741348267,0.4650009870529175
44,gain_baseline,constant,0.6905,-2.9200406471888223,0.7202411890029907,-1.9151585102081299,-2.3801307678222656,-3.050239086151123,-6.1446919441223145,-2.259342908859253,-1.7706806659698486
44,gain_baseline,noise,1.205,-2.969760457674662,0.5727352499961853,-1.883530855178833,-2.374251365661621,-3.204242706298828,-6.310483932495117,-2.2594969272613525,-1.7865569591522217
44,gain_baseline,gain,0.4994,0.48005419969558716,0.3203880190849304,0.5292155742645264,0.43873459100723267,0.6597501635551453,0.5511252284049988,0.4463980793952942,0.2551015615463257
44,gain_baseline,baseline,0.6537,0.6463943819204966,0.6218262314796448,0.6988770961761475,0.6873080730438232,0.7509967684745789,0.736094057559967,0.5773165225982666,0.42777377367019653
44,gain_baseline,gain_baseline,0.3541/0.4635,0.5075501302878062,0.5192915201187134,0.5469631552696228,0.4781126379966736,0.6746087074279785,0.5789875984191895,0.47552311420440674,0.29110556840896606
